Evaluation results for model: resnet saved as multimodal_vit_bert_pretrained_da_16_75_25

Regression Loss (WMSE): 0.031011284770149933
Classification Accuracy: 0.4777671250991801
Precision: 0.06205378391242265
Recall: 0.9706840390879479
F1-Score: 0.11665035649377882

Overall MAE: 28.657475036598605 (Improvement: 56.00%)
calories: 79.91414567424131 (Improvement: 52.60%)
mass: 45.45084162487795 (Improvement: 61.57%)
fat: 4.488704450416378 (Improvement: 56.63%)
carbs: 6.765675957648966 (Improvement: 51.36%)
protein: 6.66800747580842 (Improvement: 54.13%)
Overall Average Improvement: 55.38%