Evaluation results for model: vit saved as multimodal_vit_bert_pretrained_da_16_75_25

Regression Loss (WMSE): 0.03474606083411919
Classification Accuracy: 0.4760975932293044
Precision: 0.061425644984116616
Recall: 0.9627733829688228
F1-Score: 0.11548336682295156

Overall MAE: 28.51391091957137 (Improvement: 56.22%)
calories: 76.54819455715243 (Improvement: 54.60%)
mass: 49.117168309657195 (Improvement: 58.47%)
fat: 4.446388451043762 (Improvement: 57.04%)
carbs: 6.042221486187492 (Improvement: 56.56%)
protein: 6.415581793815996 (Improvement: 55.87%)
Overall Average Improvement: 56.46%