Evaluation results for model: resnet saved as NutriFusionNet_resnet_2attn_gat_v2_pretrained_da_16_75_25

Regression Loss (WMSE): 0.0309316606603955
Classification Accuracy: 0.5189764612536366
Precision: 0.06702438710921184
Recall: 0.9706840390879479
F1-Score: 0.125390718922818

Overall MAE: 27.036977867592473 (Improvement: 58.49%)
calories: 73.81071757656647 (Improvement: 56.22%)
mass: 44.67811399894325 (Improvement: 62.22%)
fat: 4.238952418950091 (Improvement: 59.04%)
carbs: 6.609794069633475 (Improvement: 52.48%)
protein: 5.8473112738690105 (Improvement: 59.78%)
Overall Average Improvement: 58.04%