Evaluation results for model: resnet saved as NutriFusionNet_resnet_2lstm_2attn_concat_pretrained_da_16_75_25

Regression Loss (WMSE): 0.03069705261211646
Classification Accuracy: 0.48185003967204443
Precision: 0.06243443335431466
Recall: 0.9692880409492788
F1-Score: 0.11731245776075691

Overall MAE: 26.824479475286157 (Improvement: 58.81%)
calories: 70.92435744960927 (Improvement: 57.93%)
mass: 46.649096819130996 (Improvement: 60.56%)
fat: 4.164531913900895 (Improvement: 59.76%)
carbs: 6.259366615137182 (Improvement: 55.00%)
protein: 6.125044578652396 (Improvement: 57.87%)
Overall Average Improvement: 58.32%