Evaluating model: convlstm saved as convlstm_lmm_da_v2
Overall MSE: 0.05767499823061945
calories: 0.005099017464090139
mass: 0.005012021792170249
fat: 0.018568333042295354
carb: 0.013493072842002699
protein: 0.015502553090061011

Overall MAE: 30.127502534264014
calories: 77.48480365150853
mass: 49.28944477282072
fat: 6.12959801523309
carb: 9.91756742878964
protein: 7.816098802968075

