Evaluating model: convlstm saved as convlstm_log_da_v2
Overall MSE: 2.2440491148123614
calories: 0.31403165389048426
mass: 0.27065429071846764
fat: 0.4928315446565026
carb: 0.7077541272891196
protein: 0.45877749825778763

Overall MAE: 30.986061771292434
calories: 76.21377563476562
mass: 53.68721510234632
fat: 6.419248292320653
carb: 10.337586578569914
protein: 8.272483248459665

