Evaluating model: inceptionv3 saved as inceptionv3_lmm_da_v2
Overall MSE: 0.17302628537934078
calories: 0.018554958514869213
mass: 0.01776171255072481
fat: 0.06019238382577896
carb: 0.026338541095978336
protein: 0.05017868939198946

Overall MAE: 56.97581000077097
calories: 150.06868221885279
mass: 99.98454224435906
fat: 9.30231089341013
carb: 13.452988223025674
protein: 12.070526424207186
