Evaluation results for model: resnet saved as multimodal_resnet_gnn_pretrain_da_16_75_25

Regression Loss (WMSE): 0.05435178673973209
Classification Accuracy: 0.45598056069822795
Precision: 0.05951085400080188
Recall: 0.9669613773848301
F1-Score: 0.11212129387325653

Overall MAE: 34.036814202043644 (Improvement: 47.74%)
calories: 90.66156323759226 (Improvement: 46.22%)
mass: 57.71698122667639 (Improvement: 51.20%)
fat: 5.750552238931046 (Improvement: 44.44%)
carbs: 7.5664050192552565 (Improvement: 45.60%)
protein: 8.488569287763225 (Improvement: 41.61%)
Overall Average Improvement: 46.14%