Evaluating model: inceptionv3 saved as inceptionv3_best

Overall MAE: 55.86372049984179
calories: 158.998923853824
mass: 96.81840394672595
fat: 6.380164510325382
carb: 8.669596772444876
protein: 8.451513415888735