Evaluation results for model: resnet saved as resnet_v5
Regression Loss (WMSE): 0.20396189391613007
Classification Loss: 0.7669911635549445
Classification Accuracy: 0.8569161597460989
Precision: 0.1780306778822365
Recall: 0.8371335504885994
F1-Score: 0.29361841031499913

Overall MAE: 40.022701968401876
calories: 104.88336017520994
mass: 71.13622228526755
fat: 5.884254975795795
carbs: 9.939775542667627
protein: 8.269896863068485
