Evaluating model: vit saved as vit_lmm_da_v2
Overall MSE: 0.05135947116650641
calories: 0.0052397009107823436
mass: 0.004109687698808939
fat: 0.017493867290843474
carb: 0.009877567951518455
protein: 0.014638647314553199

Overall MAE: 31.26983801189222
calories: 82.70111646150288
mass: 52.50400061356394
fat: 5.198608900371351
carb: 8.321410254428262
protein: 7.624053829594662
