Overall MAE: 65.1307957381579
calories: 168.5898685361842
mass: 118.26738935526316
fat: 10.349520950657896
carb: 13.908921615131577
protein: 14.53827823355263
