Evaluation results for model: vit saved as bb_lstm_vit_pretrain_da_16_100

Regression Loss (WMSE): 0.06961986775460996
Classification Accuracy: 0.48065987833906376
Precision: 0.06127649368948047
Recall: 0.9511400651465798
F1-Score: 0.11513547006139807

Overall MAE: 44.75811037553804 (Improvement: 31.28%)
calories: 119.39384796738274 (Improvement: 29.18%)
mass: 77.38010519390043 (Improvement: 34.57%)
fat: 6.60441657788429 (Improvement: 36.19%)
carbs: 11.516387659991848 (Improvement: 17.20%)
protein: 8.895794478530869 (Improvement: 38.81%)
Overall Average Improvement: 31.21%