Evaluation results for model: resnet saved as bb_lstm_resnet_pretrain_da_16_100

Regression Loss (WMSE): 0.06002466664894631
Classification Accuracy: 0.48991668870669136
Precision: 0.06285592471906691
Recall: 0.9604467194043741
F1-Score: 0.1179900531641228

Overall MAE: 43.8971320616226 (Improvement: 32.60%)
calories: 112.30394412969383 (Improvement: 33.39%)
mass: 82.1061676364196 (Improvement: 30.58%)
fat: 6.18929440861318 (Improvement: 40.20%)
carbs: 9.742578989651054 (Improvement: 29.95%)
protein: 9.143675143735347 (Improvement: 37.11%)
Overall Average Improvement: 33.97%