Evaluating model: convlstm saved as convlstm_best
Overall MSE: 0.06085648074574573
calories: 0.005280041123593324
mass: 0.004793766463224433
fat: 0.01985734460973426
carb: 0.012946809225372578
protein: 0.01797851932382113

Overall MAE: 30.796399648565995
calories: 79.34828346653988
mass: 50.97465655678197
fat: 6.0217787592034595
carb: 9.756402492523193
protein: 7.880876967781468
