Evaluating model: convlstm saved as convlstm_log
Overall MSE: 0.06174301595647672
calories: 0.005043688524318368
mass: 0.004817470313834124
fat: 0.019735679863707015
carb: 0.013086163193771714
protein: 0.0190600140608455

Overall MAE: 29.35316361126147
calories: 72.87519635652241
mass: 50.15904105337042
fat: 5.88673986886677
carb: 9.576796707354093
protein: 8.268044070193643

