Evaluation results for model: convnx saved as convnx_ingr_log_da_v3_16_100
Regression Loss (WMSE): 0.19927842915058136
Classification Loss: 0.7913989989381087
Classification Accuracy: 0.8176904258132769
Precision: 0.14536741214057508
Recall: 0.8469055374592834
F1-Score: 0.2481423409912059

Overall MAE: 39.471346967788044
calories: 103.41693386724326
mass: 68.61596523539016
fat: 6.254369389913242
carbs: 10.30267813919661
protein: 8.766788207196951
