Evaluating model: inceptionv3 saved as inceptionv3_log
Overall MSE: 0.06063926094946893
calories: 0.011405239592453367
mass: 0.007242728122755101
fat: 0.015973208447624194
carb: 0.007859150413423777
protein: 0.018158934373212487

Overall MAE: 51.64485179750543
calories: 149.2143779553865
mass: 85.76852256373355
fat: 5.932464787834569
carb: 8.436963733873869
protein: 8.871929946698641

