Evaluating model: inceptionv3 saved as inceptionv3_log_regular
Overall MSE: 0.072953106859993
calories: 0.01652395563494218
mass: 0.010221631584787056
fat: 0.01810078234656861
carb: 0.009797685044376473
protein: 0.018309052249318676

Overall MAE: 59.31978322581241
calories: 170.43664229543586
mass: 100.8522061799702
fat: 6.395074317329808
carb: 10.008223533630371
protein: 8.906769802695827

