Evaluating model: inceptionv3 saved as inceptionv3_best
Overall MSE: 0.0648423845046445
calories: 0.013564744228987317
mass: 0.009164146882923026
fat: 0.017989914619216795
carb: 0.007712705698060362
protein: 0.016410873075456994

Overall MAE: 55.86372049984179
calories: 158.998923853824
mass: 96.81840394672595
fat: 6.380164510325382
carb: 8.669596772444876
protein: 8.451513415888735
