Evaluation results for model: resnet saved as multimodal_vit_gat_v2_pretrained_da_16_75_25

Regression Loss (WMSE): 0.02947795445001439
Classification Accuracy: 0.48067640835757736
Precision: 0.06279875717017208
Recall: 0.9781293624941834
F1-Score: 0.11802026894247776

Overall MAE: 26.837565572079505 (Improvement: 58.79%)
calories: 71.888162755547 (Improvement: 57.36%)
mass: 46.07516024144072 (Improvement: 61.04%)
fat: 4.2049384877576355 (Improvement: 59.37%)
carbs: 5.770660674120056 (Improvement: 58.51%)
protein: 6.248905701532097 (Improvement: 57.02%)
Overall Average Improvement: 58.68%