Evaluation results for model: resnet saved as multimodal_resnet_gnn_gat_pretrained_da_16_75_25

Regression Loss (WMSE): 0.05305495240578526
Classification Accuracy: 0.48561888389314994
Precision: 0.06188560539608602
Recall: 0.9520707305723592
F1-Score: 0.1162169838114172

Overall MAE: 33.383680428742316 (Improvement: 48.74%)
calories: 91.44747375429839 (Improvement: 45.76%)
mass: 54.3671781577562 (Improvement: 54.03%)
fat: 5.327645917638793 (Improvement: 48.52%)
carbs: 7.634910037769889 (Improvement: 45.11%)
protein: 8.141194276248312 (Improvement: 44.00%)
Overall Average Improvement: 47.69%