Evaluation results for model: resnet saved as multimodal_resnet_pretrain_da_16_100

Regression Loss (WMSE): 0.053258828034526424
Classification Accuracy: 0.4953220047606453
Precision: 0.06305807007820678
Recall: 0.9530013959981387
F1-Score: 0.11828919629191093

Overall MAE: 32.19952909423262 (Improvement: 50.56%)
calories: 85.4281937271406 (Improvement: 49.33%)
mass: 55.76794407634359 (Improvement: 52.85%)
fat: 4.886419310476091 (Improvement: 52.79%)
carbs: 7.449496141800167 (Improvement: 46.44%)
protein: 7.465592215402659 (Improvement: 48.65%)
Overall Average Improvement: 50.10%