Evaluation results for model: vit saved as vit_v5
Regression Loss (WMSE): 0.20216688435328634
Classification Loss: 0.7622852576406378
Classification Accuracy: 0.8639414176143877
Precision: 0.1800294612794613
Recall: 0.7961842717543043
F1-Score: 0.2936582854200635

Overall MAE: 42.32618863909053
calories: 111.63758360829927
mass: 73.78927690967133
fat: 6.385649442965704
carbs: 10.096964725177736
protein: 9.721468509338637
