Evaluating model: vit saved as vit_log_da_v2
Overall MSE: 2.187039915668337
calories: 0.36889128230120005
mass: 0.2899502053072578
fat: 0.4987667469601882
carb: 0.5547984760058554
protein: 0.47463320509383555

Overall MAE: 33.50548124564322
calories: 83.68125955682052
mass: 60.3195521706029
fat: 6.023641511013634
carb: 9.44315925397371
protein: 8.05979373580531
