Evaluating model: vit saved as vit_best
Overall MSE: 0.028941333287787672
calories: 0.0029642825492804774
mass: 0.0027858568416712316
fat: 0.011166546665328113
carb: 0.004295571823604405
protein: 0.007729075407903446

Overall MAE: 26.93258202201442
calories: 71.63769290321751
mass: 46.81590973703485
fat: 4.387450004878797
carb: 6.335312203357094
protein: 5.486545261583831
