Evaluating model: vit saved as vit_log
Overall MSE: 0.02708224916070896
calories: 0.002916788449510932
mass: 0.0025385488866289194
fat: 0.009720194962267814
carb: 0.004318318476802425
protein: 0.007588398385498869

Overall MAE: 25.831634448703966
calories: 71.18500819959138
mass: 42.14077066120348
fat: 4.23488954493874
carb: 6.190498615566053
protein: 5.40700522222017

