Evaluating model: vit saved as vit_log_regular
Overall MSE: 0.027333357833987593
calories: 0.002835896007079435
mass: 0.002389939612169799
fat: 0.010199190975215874
carb: 0.004666516842247036
protein: 0.007241814397275448

Overall MAE: 24.78854487695192
calories: 66.23658631977283
mass: 42.721112502248666
fat: 3.944193124771118
carb: 5.911648311113057
protein: 5.129184126853943

